Localidad,Sucursal,Direccion
ZEBALLOS,LOCUTORIO/ CIBER,SUCRE 91
