Localidad,Sucursal,Direccion
BALNEARIO LAS GRUTAS,FINANCIERA,Currú leuvú 0
BALNEARIO LAS GRUTAS,KIOSCO/ MAXIKIOSCO-SUCURSAL CON RETIRO DE EFECTIVO,SHOPPING EL PASEO 0
